4 0.0375977 0.458984 0.0732422 0.0800781
1 0.0263672 0.585938 0.0527344 0.0996094
3 0.0380859 0.458008 0.0722656 0.0820312
0 0.027832 0.583496 0.0556641 0.0986328
0 0.019043 0.586426 0.0361328 0.0673828
1 0.766602 0.597656 0.0644531 0.0644531
1 0.416992 0.598633 0.0625 0.0625
1 0.0180664 0.586426 0.0361328 0.0654297
3 0.631836 0.472168 0.376953 0.0810547
4 0.626465 0.476562 0.321289 0.0722656
0 0.765625 0.597656 0.0820312 0.0839844
0 0.41748 0.598145 0.0830078 0.0810547
5 0.592285 0.555176 0.350586 0.114258
2 0.583008 0.568848 0.509766 0.143555
