4 0.620605 0.397949 0.334961 0.0869141
1 0.721191 0.52832 0.139648 0.140625
5 0.496582 0.503906 0.844727 0.179688
2 0.478027 0.492676 0.499023 0.145508
1 0.231445 0.510254 0.0976562 0.0927734
0 0.230957 0.510254 0.0966797 0.0927734
1 0.722656 0.527832 0.0898438 0.0927734
4 0.61084 0.401367 0.155273 0.0683594
2 0.499023 0.504883 0.863281 0.189453
0 0.720703 0.530273 0.140625 0.140625
3 0.618652 0.396973 0.336914 0.0869141
0 0.232422 0.51123 0.146484 0.139648
5 0.478027 0.492676 0.493164 0.137695
